5488093808031657|12|2022|105
5488093808086214|12|2022|004
5488093808028588|12|2022|087
5488093808005651|12|2022|224
5488093808055425|12|2022|508
5488093808024660|12|2022|278
5488093808051333|12|2022|064
5488093808037126|12|2022|222
5488093808070572|12|2022|372
5488093808073832|12|2022|478
5488093808074111|12|2022|067
5488093808018407|12|2022|880
5488093808083104|12|2022|230
5488093808067370|12|2022|845
5488093808035427|12|2022|853
5488093808070382|12|2022|177
5488093808085687|12|2022|571
5488093808068345|12|2022|725
5488093808081868|12|2022|782
5488093808036615|12|2022|743
5488093808037282|12|2022|222
5488093808088723|12|2022|066
5488093808038561|12|2022|188
5488093808047182|12|2022|433
5488093808025543|12|2022|214
5488093808074442|12|2022|656
5488093808023183|12|2022|523
5488093808072586|12|2022|676
5488093808015056|12|2022|080
5488093808013762|12|2022|830
5488093808038835|12|2022|025
5488093808056050|12|2022|236
5488093808020676|12|2022|666
5488093808017722|12|2022|477
5488093808031178|12|2022|052
5488093808068238|12|2022|723
5488093808073816|12|2022|768
5488093808012657|12|2022|266
5488093808081769|12|2022|736
5488093808067677|12|2022|127
5488093808025568|12|2022|202
5488093808042720|12|2022|354
5488093808072800|12|2022|345
5488093808026608|12|2022|057
5488093808004449|12|2022|580
5488093808002526|12|2022|744
5488093808044429|12|2022|777
5488093808088624|12|2022|705
5488093808041235|12|2022|248
5488093808016567|12|2022|848
5488093808013275|12|2022|180
5488093808075563|12|2022|071
5488093808028810|12|2022|872
5488093808008515|12|2022|170
5488093808002328|12|2022|368
5488093808068584|12|2022|168
5488093808044783|12|2022|475
5488093808024066|12|2022|521
5488093808003136|12|2022|168
5488093808088533|12|2022|665
5488093808054402|12|2022|030
5488093808042456|12|2022|438
5488093808057546|12|2022|147
5488093808010305|12|2022|114
5488093808016807|12|2022|220
5488093808003565|12|2022|408
5488093808025824|12|2022|011
5488093808075589|12|2022|278
5488093808025808|12|2022|063
5488093808036805|12|2022|865
5488093808011485|12|2022|520
5488093808066661|12|2022|341
5488093808068337|12|2022|332
5488093808060003|12|2022|155
5488093808040427|12|2022|843
5488093808032515|12|2022|262
5488093808021237|12|2022|846
5488093808038843|12|2022|076
5488093808000355|12|2022|254
5488093808038207|12|2022|806
5488093808034230|12|2022|063
5488093808030832|12|2022|357
5488093808066729|12|2022|524
5488093808037340|12|2022|081
5488093808066034|12|2022|168
5488093808007350|12|2022|704
5488093808063254|12|2022|258
5488093808075803|12|2022|063
5488093808006576|12|2022|787
5488093808023381|12|2022|707
5488093808077577|12|2022|047
5488093808088277|12|2022|341
5488093808001452|12|2022|036
5488093808003706|12|2022|071
5488093808024637|12|2022|771
5488093808073634|12|2022|045
5488093808087162|12|2022|815
5488093808078138|12|2022|557
5488093808064435|12|2022|612
5488093808048578|12|2022|546
5488093808015254|12|2022|160
5488093808076587|12|2022|817
5488093808070127|12|2022|448
5488093808044569|12|2022|545
5488093808034677|12|2022|067
5488093808043348|12|2022|568
5488093808031723|12|2022|265
5488093808043330|12|2022|281
5488093808086834|12|2022|772
5488093808041458|12|2022|830
5488093808013051|12|2022|787
5488093808044601|12|2022|548
5488093808012202|12|2022|605
5488093808042621|12|2022|147
5488093808086321|12|2022|142
5488093808015403|12|2022|633
5488093808082569|12|2022|657
5488093808026228|12|2022|246
5488093808082825|12|2022|107
5488093808065606|12|2022|846
5488093808082338|12|2022|188
5488093808038181|12|2022|161
5488093808036227|12|2022|112
5488093808056423|12|2022|785
5488093808027341|12|2022|171
5488093808032515|12|2022|255
5488093808017821|12|2022|234
5488093808008655|12|2022|461
5488093808076454|12|2022|200
5488093808067545|12|2022|325
5488093808014158|12|2022|240
5488093808088111|12|2022|565
5488093808057074|12|2022|658
5488093808023365|12|2022|880
5488093808016658|12|2022|050
5488093808000009|12|2022|164
5488093808051374|12|2022|125
5488093808024603|12|2022|040
5488093808038421|12|2022|366
5488093808071133|12|2022|653
5488093808074251|12|2022|271
5488093808062454|12|2022|210
5488093808057561|12|2022|106
5488093808074541|12|2022|846
5488093808073485|12|2022|115
5488093808002344|12|2022|440
5488093808000421|12|2022|358
5488093808066208|12|2022|348
5488093808046663|12|2022|616
5488093808008564|12|2022|847
5488093808004407|12|2022|234
5488093808078351|12|2022|403
5488093808037753|12|2022|476
5488093808027432|12|2022|367
5488093808073014|12|2022|274
5488093808082411|12|2022|545
5488093808075746|12|2022|256
5488093808051267|12|2022|115
5488093808002203|12|2022|331
5488093808062629|12|2022|834
5488093808083153|12|2022|736
5488093808066216|12|2022|685
5488093808063007|12|2022|652
5488093808056118|12|2022|143
5488093808083070|12|2022|057
5488093808002633|12|2022|478
5488093808007723|12|2022|787
5488093808005875|12|2022|186
5488093808074434|12|2022|180
5488093808003045|12|2022|836
5488093808014745|12|2022|764
5488093808086875|12|2022|323
5488093808004761|12|2022|657
5488093808075654|12|2022|107
5488093808083021|12|2022|262
5488093808058684|12|2022|816
5488093808067230|12|2022|636
5488093808043124|12|2022|440
5488093808083070|12|2022|875
5488093808005057|12|2022|887
5488093808040054|12|2022|080
5488093808028547|12|2022|311
5488093808004381|12|2022|787
5488093808031681|12|2022|832
5488093808042258|12|2022|520
5488093808023779|12|2022|843
5488093808057421|12|2022|447
5488093808077049|12|2022|623
5488093808055375|12|2022|511
5488093808017631|12|2022|356
5488093808085018|12|2022|704
5488093808055755|12|2022|044
5488093808064724|12|2022|433
5488093808063734|12|2022|410
5488093808071208|12|2022|618
5488093808030022|12|2022|611
5488093808057421|12|2022|307
5488093808068782|12|2022|484
5488093808075860|12|2022|440
5488093808044452|12|2022|474
5488093808081009|12|2022|822
5488093808083500|12|2022|252
5488093808015585|12|2022|181
5488093808027663|12|2022|555
5488093808084235|12|2022|444
5488093808076611|12|2022|886
5488093808014745|12|2022|774
5488093808070416|12|2022|738
5488093808012087|12|2022|318
5488093808048164|12|2022|380
5488093808005487|12|2022|707
5488093808024751|12|2022|437
5488093808001437|12|2022|863
5488093808083773|12|2022|474
5488093808015080|12|2022|713
5488093808068352|12|2022|224
5488093808066265|12|2022|401
5488093808021658|12|2022|205
5488093808064633|12|2022|228
5488093808010065|12|2022|280
5488093808076314|12|2022|550
5488093808082726|12|2022|757
5488093808022243|12|2022|682
5488093808016567|12|2022|362
5488093808002039|12|2022|377
5488093808087519|12|2022|561
5488093808063700|12|2022|462
5488093808075621|12|2022|135
5488093808016419|12|2022|143
5488093808046887|12|2022|271
5488093808051820|12|2022|558
5488093808018555|12|2022|614
5488093808041185|12|2022|327
5488093808087543|12|2022|784
5488093808018308|12|2022|057
5488093808041144|12|2022|327
5488093808025675|12|2022|503
5488093808076801|12|2022|853
5488093808025634|12|2022|848
5488093808052711|12|2022|731
5488093808026871|12|2022|550
5488093808068279|12|2022|315
5488093808050186|12|2022|135
5488093808056852|12|2022|678
5488093808010230|12|2022|330
5488093808077239|12|2022|735
5488093808063668|12|2022|721
5488093808083088|12|2022|060
5488093808017342|12|2022|261
5488093808051523|12|2022|473
5488093808001189|12|2022|687
5488093808041219|12|2022|101
5488093808035450|12|2022|642
5488093808062173|12|2022|428
5488093808080878|12|2022|222
5488093808064518|12|2022|378
5488093808051168|12|2022|128
5488093808034008|12|2022|473
5488093808008630|12|2022|626
5488093808004555|12|2022|114
5488093808000587|12|2022|711
5488093808037142|12|2022|370
5488093808087444|12|2022|055
5488093808046085|12|2022|461
5488093808003672|12|2022|676
5488093808081231|12|2022|283
5488093808007863|12|2022|628
5488093808040823|12|2022|416
5488093808064039|12|2022|071
5488093808024108|12|2022|302
5488093808066521|12|2022|512
5488093808005263|12|2022|255
5488093808061308|12|2022|530
5488093808026160|12|2022|360
5488093808058304|12|2022|404
5488093808074053|12|2022|352
5488093808065044|12|2022|365
5488093808070754|12|2022|576
5488093808062546|12|2022|375
5488093808087832|12|2022|607
5488093808026046|12|2022|440
5488093808025329|12|2022|004
5488093808037431|12|2022|883
5488093808031616|12|2022|622
5488093808012772|12|2022|338
5488093808005370|12|2022|558
5488093808086123|12|2022|130
5488093808078047|12|2022|708
5488093808033240|12|2022|528
5488093808074756|12|2022|231
5488093808002021|12|2022|054
5488093808003730|12|2022|842
5488093808041409|12|2022|153
5488093808034289|12|2022|317
5488093808075266|12|2022|510
5488093808067305|12|2022|675
5488093808047844|12|2022|235
5488093808035823|12|2022|805
5488093808088582|12|2022|862
5488093808088012|12|2022|456
5488093808075381|12|2022|410
5488093808084102|12|2022|188
5488093808073113|12|2022|352
5488093808017235|12|2022|214
5488093808037639|12|2022|336
5488093808052414|12|2022|401
5488093808023670|12|2022|437
5488093808051150|12|2022|104
5488093808024371|12|2022|543
5488093808067347|12|2022|557
5488093808005719|12|2022|167
5488093808063320|12|2022|477
5488093808077270|12|2022|301
5488093808070812|12|2022|022
5488093808012871|12|2022|035
5488093808023118|12|2022|866
5488093808007749|12|2022|064
5488093808061118|12|2022|212
5488093808003276|12|2022|448
5488093808033802|12|2022|285
5488093808087881|12|2022|367
5488093808083450|12|2022|354
5488093808024330|12|2022|416
5488093808012855|12|2022|002
5488093808082825|12|2022|800
5488093808051713|12|2022|653
5488093808038587|12|2022|711
5488093808028273|12|2022|748
5488093808060268|12|2022|010
5488093808041458|12|2022|730
5488093808027838|12|2022|855
5488093808071679|12|2022|333
5488093808081231|12|2022|162
5488093808061803|12|2022|712
5488093808070150|12|2022|562
5488093808060862|12|2022|456
5488093808044262|12|2022|257
5488093808052844|12|2022|253
5488093808065036|12|2022|666
5488093808086206|12|2022|840
5488093808073360|12|2022|173
5488093808033877|12|2022|035
5488093808037563|12|2022|345
5488093808045806|12|2022|572
5488093808063718|12|2022|185
5488093808001478|12|2022|543
5488093808014349|12|2022|001
5488093808032713|12|2022|504
5488093808082437|12|2022|242
5488093808066711|12|2022|506
5488093808016757|12|2022|177
5488093808012525|12|2022|318
5488093808002237|12|2022|524
5488093808017565|12|2022|072
5488093808070713|12|2022|233
5488093808047174|12|2022|847
5488093808060227|12|2022|578
5488093808030733|12|2022|653
5488093808051887|12|2022|807
5488093808071240|12|2022|561
5488093808003029|12|2022|243
5488093808075514|12|2022|565
5488093808027515|12|2022|386
5488093808051655|12|2022|538
5488093808052273|12|2022|864
5488093808070317|12|2022|542
5488093808051713|12|2022|858
5488093808011287|12|2022|503
5488093808057363|12|2022|536
5488093808065341|12|2022|163
5488093808084367|12|2022|786
5488093808033414|12|2022|034
5488093808037647|12|2022|306
5488093808013788|12|2022|234
5488093808036888|12|2022|384
5488093808033471|12|2022|236
5488093808043470|12|2022|300
5488093808073428|12|2022|707
5488093808064526|12|2022|014
5488093808005586|12|2022|734
5488093808028349|12|2022|161
5488093808055631|12|2022|275
5488093808064567|12|2022|358
5488093808052224|12|2022|627
5488093808060037|12|2022|053
5488093808058676|12|2022|404
5488093808086081|12|2022|124
5488093808064500|12|2022|418
5488093808010057|12|2022|718
5488093808006840|12|2022|341
5488093808064658|12|2022|440
5488093808062041|12|2022|102
5488093808013879|12|2022|226
5488093808051366|12|2022|640
5488093808047745|12|2022|253
5488093808042860|12|2022|832
5488093808080134|12|2022|412
5488093808071513|12|2022|120
5488093808010172|12|2022|352
5488093808053503|12|2022|882
5488093808037654|12|2022|031
5488093808010131|12|2022|763
5488093808044155|12|2022|374
5488093808027044|12|2022|546
5488093808057314|12|2022|524
5488093808083344|12|2022|803
5488093808070325|12|2022|227
5488093808021757|12|2022|782
5488093808014141|12|2022|153
5488093808001460|12|2022|688
5488093808077759|12|2022|873
5488093808058536|12|2022|067
5488093808041276|12|2022|821
5488093808057652|12|2022|568
5488093808087600|12|2022|641
5488093808032143|12|2022|560
5488093808007467|12|2022|527
5488093808085281|12|2022|043
5488093808006816|12|2022|754
5488093808086263|12|2022|045
5488093808004860|12|2022|055
5488093808043868|12|2022|508
5488093808061365|12|2022|455
5488093808022086|12|2022|363
5488093808036342|12|2022|778
5488093808005248|12|2022|511
5488093808076363|12|2022|253
5488093808077239|12|2022|317
5488093808052083|12|2022|881
5488093808014430|12|2022|018
5488093808037571|12|2022|008
5488093808050558|12|2022|447
5488093808081744|12|2022|425
5488093808071307|12|2022|707
5488093808055060|12|2022|364
5488093808028786|12|2022|212
5488093808063775|12|2022|488
5488093808083542|12|2022|073
5488093808007731|12|2022|004
5488093808026079|12|2022|220
5488093808005081|12|2022|548
5488093808056654|12|2022|351
5488093808054014|12|2022|571
5488093808046747|12|2022|608
5488093808014158|12|2022|831
5488093808005578|12|2022|227
5488093808031343|12|2022|447
5488093808054535|12|2022|117
5488093808086628|12|2022|823
5488093808038686|12|2022|501
5488093808052448|12|2022|068
5488093808044767|12|2022|508
5488093808072032|12|2022|480
5488093808056027|12|2022|656
5488093808041748|12|2022|858
5488093808023415|12|2022|177
5488093808011568|12|2022|543
5488093808033562|12|2022|754
5488093808004407|12|2022|173
5488093808042274|12|2022|007
5488093808030402|12|2022|201
5488093808067743|12|2022|185
5488093808011709|12|2022|710
5488093808028067|12|2022|636
5488093808086438|12|2022|668
5488093808073121|12|2022|675
5488093808087089|12|2022|027
5488093808084532|12|2022|723
5488093808035278|12|2022|833
5488093808014604|12|2022|245
5488093808018233|12|2022|566
5488093808027184|12|2022|212
5488093808027127|12|2022|575
5488093808041748|12|2022|585
5488093808050434|12|2022|517
5488093808058841|12|2022|206
5488093808057421|12|2022|828
5488093808050624|12|2022|705
5488093808011139|12|2022|745
5488093808051622|12|2022|752
5488093808007848|12|2022|726
5488093808058361|12|2022|701
5488093808020700|12|2022|663
5488093808072529|12|2022|640
5488093808051374|12|2022|025
5488093808017888|12|2022|463
5488093808043108|12|2022|450
5488093808072651|12|2022|843
5488093808010602|12|2022|822
5488093808071661|12|2022|030
5488093808074178|12|2022|724
5488093808048735|12|2022|528
5488093808078070|12|2022|320
5488093808077213|12|2022|506
5488093808037563|12|2022|245
5488093808040351|12|2022|506
5488093808021526|12|2022|516
5488093808003516|12|2022|413
5488093808015148|12|2022|323
5488093808074582|12|2022|802
5488093808003227|12|2022|583
5488093808023027|12|2022|427
5488093808006816|12|2022|670
5488093808003227|12|2022|482
5488093808028562|12|2022|775
5488093808056563|12|2022|218
5488093808023241|12|2022|736
5488093808073576|12|2022|277
5488093808066356|12|2022|343
5488093808044833|12|2022|367
5488093808074012|12|2022|002
5488093808035518|12|2022|427
5488093808006741|12|2022|247
5488093808064849|12|2022|520
5488093808077130|12|2022|188
5488093808061506|12|2022|013
5488093808033612|12|2022|473
5488093808003748|12|2022|287
5488093808046465|12|2022|328
5488093808017185|12|2022|136
5488093808016336|12|2022|034
5488093808030147|12|2022|631
5488093808024272|12|2022|027
5488093808024413|12|2022|183
5488093808015726|12|2022|526
5488093808002351|12|2022|764
5488093808053768|12|2022|181
5488093808061852|12|2022|823
5488093808023167|12|2022|481
5488093808012285|12|2022|548
5488093808061456|12|2022|632
5488093808071455|12|2022|252
5488093808088400|12|2022|167
5488093808043652|12|2022|177
5488093808073667|12|2022|883
5488093808046572|12|2022|661
5488093808066844|12|2022|414
5488093808054774|12|2022|722
5488093808031459|12|2022|184
5488093808080589|12|2022|063
5488093808068139|12|2022|446
5488093808088616|12|2022|743
5488093808046523|12|2022|001
5488093808054584|12|2022|727
5488093808010008|12|2022|886
5488093808072800|12|2022|717
5488093808040344|12|2022|806
5488093808047638|12|2022|610
5488093808014729|12|2022|646
5488093808035666|12|2022|011
5488093808027473|12|2022|813
5488093808043413|12|2022|715
5488093808064872|12|2022|421
5488093808051473|12|2022|517
5488093808017656|12|2022|147
5488093808056316|12|2022|035
5488093808047356|12|2022|414
5488093808065812|12|2022|666
5488093808053701|12|2022|730
5488093808053230|12|2022|618
5488093808004829|12|2022|453
5488093808012616|12|2022|138
5488093808022540|12|2022|130
5488093808033547|12|2022|526
5488093808026830|12|2022|816
5488093808078518|12|2022|775
5488093808050731|12|2022|621
5488093808067024|12|2022|220
5488093808067420|12|2022|400
5488093808086875|12|2022|530
5488093808042027|12|2022|511
5488093808084755|12|2022|541
5488093808070010|12|2022|364
5488093808063569|12|2022|428
5488093808001387|12|2022|066
5488093808035732|12|2022|383
5488093808047349|12|2022|002
5488093808028570|12|2022|351
5488093808050467|12|2022|033
5488093808015577|12|2022|141
5488093808051044|12|2022|444
5488093808062470|12|2022|618
5488093808016708|12|2022|434
5488093808057348|12|2022|814
5488093808020312|12|2022|180
5488093808013002|12|2022|080
5488093808022565|12|2022|872
5488093808078484|12|2022|435
5488093808021815|12|2022|033
5488093808005206|12|2022|326
5488093808027655|12|2022|515
5488093808081439|12|2022|057
5488093808088574|12|2022|126
5488093808086875|12|2022|331
5488093808062223|12|2022|187
5488093808053677|12|2022|157
5488093808031574|12|2022|504
5488093808047802|12|2022|227
5488093808026129|12|2022|661
5488093808000561|12|2022|542
5488093808066265|12|2022|681
5488093808055839|12|2022|081
5488093808002757|12|2022|015
5488093808003532|12|2022|470
5488093808068717|12|2022|601
5488093808000546|12|2022|145
5488093808080878|12|2022|836
5488093808076546|12|2022|280
5488093808081454|12|2022|506
5488093808072388|12|2022|102
5488093808046523|12|2022|274
5488093808007285|12|2022|037
5488093808073360|12|2022|458
5488093808058411|12|2022|847
5488093808032101|12|2022|318
5488093808051358|12|2022|532
5488093808006154|12|2022|330
5488093808066646|12|2022|006
5488093808015767|12|2022|020
5488093808068485|12|2022|827
5488093808012707|12|2022|563
5488093808061621|12|2022|533
5488093808086149|12|2022|520
5488093808087667|12|2022|723
5488093808011618|12|2022|382
5488093808007103|12|2022|514
5488093808073402|12|2022|263
5488093808047364|12|2022|086
5488093808015684|12|2022|774
5488093808004704|12|2022|288
5488093808020510|12|2022|326
5488093808031855|12|2022|111
5488093808038108|12|2022|116
5488093808010511|12|2022|354
5488093808088186|12|2022|763
5488093808018175|12|2022|473
5488093808024546|12|2022|637
5488093808053586|12|2022|768
5488093808020437|12|2022|637
5488093808025519|12|2022|455
5488093808014810|12|2022|621
5488093808011683|12|2022|461
5488093808031764|12|2022|531
5488093808053834|12|2022|626
5488093808027234|12|2022|264
5488093808048388|12|2022|760
5488093808078781|12|2022|818
5488093808006162|12|2022|686
5488093808082841|12|2022|513
5488093808021120|12|2022|824
5488093808083542|12|2022|224
5488093808016773|12|2022|202
5488093808052844|12|2022|384
5488093808021427|12|2022|278
5488093808058437|12|2022|300
5488093808018472|12|2022|640
5488093808074442|12|2022|151
5488093808025451|12|2022|271
5488093808014083|12|2022|052
5488093808025063|12|2022|283
5488093808055482|12|2022|303
5488093808027317|12|2022|524
5488093808000249|12|2022|601
5488093808030378|12|2022|805
5488093808027051|12|2022|703
5488093808016740|12|2022|718
5488093808054659|12|2022|245
5488093808082759|12|2022|524
5488093808051135|12|2022|116
5488093808037449|12|2022|270
5488093808067685|12|2022|728
5488093808005651|12|2022|888
5488093808044338|12|2022|657
5488093808026665|12|2022|847
5488093808010164|12|2022|825
5488093808047349|12|2022|272
5488093808081579|12|2022|848
5488093808074350|12|2022|513
5488093808083815|12|2022|066
5488093808088350|12|2022|011
5488093808048321|12|2022|340
5488093808073170|12|2022|655
5488093808053305|12|2022|233
5488093808058643|12|2022|283
5488093808016666|12|2022|373
5488093808058676|12|2022|202
5488093808011584|12|2022|603
5488093808006014|12|2022|756
5488093808025386|12|2022|812
5488093808025188|12|2022|244
5488093808005115|12|2022|311
5488093808085885|12|2022|704
5488093808071836|12|2022|180
5488093808081249|12|2022|231
5488093808021104|12|2022|855
5488093808017516|12|2022|330
5488093808011840|12|2022|688
5488093808061472|12|2022|043
5488093808022284|12|2022|131
5488093808013739|12|2022|184
5488093808044767|12|2022|375
5488093808067479|12|2022|144
5488093808083302|12|2022|522
5488093808024033|12|2022|782
5488093808035088|12|2022|575
5488093808080480|12|2022|530
5488093808067040|12|2022|667
5488093808044114|12|2022|872
5488093808053545|12|2022|702
5488093808070580|12|2022|731
5488093808071349|12|2022|534
5488093808033216|12|2022|050
5488093808061837|12|2022|612
5488093808020346|12|2022|847
5488093808048354|12|2022|226
5488093808036623|12|2022|756
5488093808013267|12|2022|810
5488093808068204|12|2022|083
5488093808042282|12|2022|160
5488093808028638|12|2022|751
5488093808018860|12|2022|738
5488093808060185|12|2022|635
5488093808083856|12|2022|456
5488093808016724|12|2022|327
5488093808024181|12|2022|288
5488093808026848|12|2022|055
5488093808006832|12|2022|741
5488093808028315|12|2022|101
5488093808030220|12|2022|712
5488093808050285|12|2022|185
5488093808066828|12|2022|723
5488093808008044|12|2022|382
5488093808066406|12|2022|211
5488093808058775|12|2022|878
5488093808078328|12|2022|388
5488093808082148|12|2022|701
5488093808024538|12|2022|346
5488093808028612|12|2022|747
5488093808075787|12|2022|670
5488093808085752|12|2022|177
5488093808068121|12|2022|434
5488093808017128|12|2022|707
5488093808078047|12|2022|804
5488093808062470|12|2022|441
5488093808055243|12|2022|250
5488093808004209|12|2022|306
5488093808016179|12|2022|150
5488093808018480|12|2022|500
5488093808037076|12|2022|786
5488093808015627|12|2022|713
5488093808003516|12|2022|235
5488093808041185|12|2022|583
5488093808034834|12|2022|562
5488093808067065|12|2022|855
5488093808004811|12|2022|310
5488093808064633|12|2022|111
5488093808056878|12|2022|438
5488093808088566|12|2022|202
5488093808070663|12|2022|462
5488093808032606|12|2022|727
5488093808035336|12|2022|486
5488093808040575|12|2022|641
5488093808030584|12|2022|274
5488093808011808|12|2022|364
5488093808073527|12|2022|113
5488093808023662|12|2022|884
5488093808038041|12|2022|828
5488093808076637|12|2022|334
5488093808003227|12|2022|632
5488093808072248|12|2022|008
5488093808061126|12|2022|314
5488093808053578|12|2022|787
5488093808007616|12|2022|713
5488093808017052|12|2022|127
5488093808004126|12|2022|475
5488093808066000|12|2022|741
5488093808011121|12|2022|133
5488093808002252|12|2022|402
5488093808087808|12|2022|602
5488093808035054|12|2022|477
5488093808016849|12|2022|153
5488093808022136|12|2022|501
5488093808018159|12|2022|134
5488093808002344|12|2022|778
5488093808023811|12|2022|128
5488093808021187|12|2022|022
5488093808044668|12|2022|871
5488093808074335|12|2022|431
5488093808086669|12|2022|821
5488093808015460|12|2022|173
5488093808011824|12|2022|235
5488093808030600|12|2022|782
5488093808054485|12|2022|544
5488093808064468|12|2022|436
5488093808070424|12|2022|854
5488093808033711|12|2022|262
5488093808043223|12|2022|035
5488093808005271|12|2022|875
5488093808004357|12|2022|102
5488093808013036|12|2022|517
5488093808056738|12|2022|716
5488093808054113|12|2022|568
5488093808081017|12|2022|030
5488093808088509|12|2022|582
5488093808082106|12|2022|118
5488093808072537|12|2022|563
5488093808048875|12|2022|511
5488093808053479|12|2022|860
5488093808063536|12|2022|755
5488093808056423|12|2022|632
5488093808013580|12|2022|461
5488093808070341|12|2022|084
5488093808004027|12|2022|841
5488093808024439|12|2022|853
5488093808008002|12|2022|577
5488093808038041|12|2022|380
5488093808034214|12|2022|136
5488093808081785|12|2022|121
5488093808083161|12|2022|226
5488093808076330|12|2022|802
5488093808062611|12|2022|864
5488093808077759|12|2022|654
5488093808035674|12|2022|735
5488093808000751|12|2022|072
5488093808047455|12|2022|300
5488093808067644|12|2022|251
5488093808084151|12|2022|522
5488093808001825|12|2022|412
5488093808053735|12|2022|360
5488093808026525|12|2022|223
5488093808072685|12|2022|034
5488093808014620|12|2022|804
5488093808008754|12|2022|048
5488093808064013|12|2022|586
5488093808030543|12|2022|167
5488093808076249|12|2022|140
5488093808056076|12|2022|534
5488093808070333|12|2022|765
5488093808051333|12|2022|448
5488093808023316|12|2022|000
5488093808056050|12|2022|230
5488093808022771|12|2022|621
5488093808032853|12|2022|375
5488093808018332|12|2022|640
5488093808067875|12|2022|421
5488093808052711|12|2022|773
5488093808043835|12|2022|283
5488093808050715|12|2022|550
5488093808022516|12|2022|635
5488093808004472|12|2022|040
5488093808070556|12|2022|757
5488093808061589|12|2022|101
5488093808065465|12|2022|773
5488093808016302|12|2022|048
5488093808030717|12|2022|702
5488093808006667|12|2022|324
5488093808080829|12|2022|736
5488093808061464|12|2022|335
5488093808062611|12|2022|868
5488093808022755|12|2022|456
5488093808025485|12|2022|643
5488093808065374|12|2022|333
5488093808042886|12|2022|015
5488093808042761|12|2022|357
5488093808003631|12|2022|657
5488093808035864|12|2022|068
5488093808082767|12|2022|683
5488093808077833|12|2022|713
5488093808037126|12|2022|207
5488093808084037|12|2022|860
5488093808041219|12|2022|353
5488093808003581|12|2022|306
5488093808077577|12|2022|801
5488093808043553|12|2022|275
5488093808084474|12|2022|744
5488093808084623|12|2022|650
5488093808003029|12|2022|163
5488093808086347|12|2022|162
5488093808033406|12|2022|327
5488093808065788|12|2022|525
5488093808037167|12|2022|486
5488093808065119|12|2022|886
5488093808011550|12|2022|233
5488093808052711|12|2022|060
5488093808078781|12|2022|788
5488093808011808|12|2022|005
5488093808054253|12|2022|221
5488093808013523|12|2022|310
5488093808017466|12|2022|425
5488093808054774|12|2022|081
5488093808006766|12|2022|010
5488093808018407|12|2022|442
5488093808046812|12|2022|118
5488093808054220|12|2022|225
5488093808013085|12|2022|762
5488093808072461|12|2022|473
5488093808037134|12|2022|676
5488093808043405|12|2022|173
5488093808026624|12|2022|566
5488093808032440|12|2022|046
5488093808007715|12|2022|216
5488093808048263|12|2022|556
5488093808040450|12|2022|813
5488093808077429|12|2022|144
5488093808042365|12|2022|521
5488093808003110|12|2022|025
5488093808011600|12|2022|258
5488093808065622|12|2022|411
5488093808062017|12|2022|775
5488093808088657|12|2022|243
5488093808045012|12|2022|364
5488093808035336|12|2022|288
5488093808082353|12|2022|335
5488093808018845|12|2022|426
5488093808030428|12|2022|240
5488093808017847|12|2022|434
5488093808003151|12|2022|428
5488093808076264|12|2022|103
5488093808064740|12|2022|617
5488093808016682|12|2022|728
5488093808038504|12|2022|057
5488093808075522|12|2022|624
5488093808022565|12|2022|627
5488093808036847|12|2022|377
5488093808056209|12|2022|481
5488093808010651|12|2022|041
5488093808035765|12|2022|177
5488093808044106|12|2022|138
5488093808047240|12|2022|130
5488093808024785|12|2022|068
5488093808042415|12|2022|437
5488093808046762|12|2022|502
5488093808080845|12|2022|671
5488093808088350|12|2022|331
5488093808046150|12|2022|051
5488093808012327|12|2022|648
5488093808004373|12|2022|504
5488093808041805|12|2022|440
5488093808002203|12|2022|622
5488093808010669|12|2022|254
5488093808038801|12|2022|118
5488093808024777|12|2022|348
5488093808063064|12|2022|232
5488093808088640|12|2022|083
5488093808037852|12|2022|122
5488093808024249|12|2022|303
5488093808081702|12|2022|276
5488093808027473|12|2022|635
5488093808008432|12|2022|424
5488093808077536|12|2022|556
5488093808072818|12|2022|043
5488093808070028|12|2022|613
5488093808028513|12|2022|804
5488093808004001|12|2022|452
5488093808008853|12|2022|737
5488093808008176|12|2022|187
5488093808086016|12|2022|470
5488093808078815|12|2022|542
5488093808033430|12|2022|837
5488093808024876|12|2022|673
5488093808013374|12|2022|323
5488093808002054|12|2022|572
5488093808012715|12|2022|347
5488093808038777|12|2022|342
5488093808018811|12|2022|038
5488093808028869|12|2022|336
5488093808083435|12|2022|200
5488093808042043|12|2022|634
5488093808051705|12|2022|750
5488093808024538|12|2022|417
5488093808033448|12|2022|368
5488093808025451|12|2022|048
5488093808055037|12|2022|055
5488093808050285|12|2022|647
5488093808085265|12|2022|551
5488093808075357|12|2022|545
5488093808051341|12|2022|546
5488093808075282|12|2022|715
5488093808030329|12|2022|167
5488093808037076|12|2022|077
5488093808033521|12|2022|802
5488093808055508|12|2022|532
5488093808028018|12|2022|258
5488093808074103|12|2022|112
5488093808008432|12|2022|100
5488093808001403|12|2022|200
5488093808011501|12|2022|552
5488093808065820|12|2022|554
5488093808084615|12|2022|246
5488093808051283|12|2022|613
5488093808036573|12|2022|036
5488093808058718|12|2022|025
5488093808056530|12|2022|377
5488093808081231|12|2022|256
5488093808052141|12|2022|740
5488093808054568|12|2022|140
5488093808065085|12|2022|503
5488093808014018|12|2022|425
5488093808055045|12|2022|533
5488093808007376|12|2022|717
